2.804262
3.961965
3.602954
3.81
4.7
0.49
2.8
3.1
3.4
3.1
3.8
4.1
4.6
0.6
0.85
2.7
2.6
3.3
4.5
5.9
4.3
5.4
5.6
3.4
3.5
4.2
5.6
5.1
5.2
3.2
2.8
3.5
7.7
3.7
1.52
4.16
1.84
1.64
4.36
4.36
4.8
2.46
2.15
4.28
4.59
2.45
4.25
3.26
2.69
3.96
4.36
4.36
3.27
2.79
3.95
4.42
4.3
3.37
2.98
3.89
4.4
4.3
3.41
3.09
3.88
4.48
4.27
3.42
3.18
3.83
4.52
4.17
1.425
0.115
0.095
3.28
0.5
0.655
3.62
0.565
0.82
3.715
0.66
1.015
1.6
3.3
3.8
2.1
21.6
21.0
18.0
13.6
11.8
9.0
96.0
64.0
61.0
63.0
56.0
62.0
23.0
30.0
12.0
10.0
11.0
8.0
9.0
2.0
1.26
2.74
1.06
20.6
4.9
2.4
2.6
2.4
2.5
3.289
2.017
1.228
1.233
2.496
3.87
3.36
0.3544
0.3397
0.4618
0.4731
7.5
1.0
5.5
1.5
2.5
1.5
15.18
3.56
5.52
1.66
1.57
1.89
1.57
1.89
8.862
8.649
7.023
8.377
7.023
8.377
1.09
1.4
0.92
1.35
0.84
1.21
0.52
1.13
3.6
2.0
4.1
1.0
5.7
2.5
2.8
0.3
4.1
0.52
0.4
3.0
1.05
4.49
11.34
3.27
8.6
5.0
5.32
15.29
12.39
8.7
7.5
14.06
0.09
0.45
9.79
1.1
0.96
31.2
1.79
2.48
5.4
5.7
600.0
375.0
4.2
9.1
0.3
0.6
2.0
2.9
3.1
5.3
4.4
3.7
6.9
2.9
3.0
5.3
4.2
3.9
7.5
0.9
1.8
5.4
4.4
3.8
8.0
5.7
4.6
3.7
9.0
5.7
4.3
3.7
8.7
5.8
2.9
3.5
8.2
7.8
5.4
4.2
15.7
6.3
0.1
0.8
1.2
1.1
0.4
0.2
7.4
7.1
4.3
14.5
9.3
0.4
0.8
2.3
2.76
4.1
4.15
4.45
4.54
4.35
4.4
4.19
4.1
3.95
3.91
3.8
2.5
1.95
1.76
0.94
4.2
4.5625
1.5
4.8
3.1
0.5
8.0
0.3
0.19
0.16
0.26
0.07
1.7
2.55
1.3
4.6
0.064
0.201
0.376
0.148
0.194
0.196
24.2
10.8
5.1
5.0
26.5
7.7
6.5
4.6
17.5
10.3
3.4
24.4
21.1
2.3
11.2
1.5
3.1
2.82
6.83
6.6
2.01
1.49
0.79
1.41
6.23
3.97
0.5
5.51
8.82
6.79
2.81
0.15
6.89
9.25
5.75
1.27
7.04
5.94
1.09
3.81
3.65
3.39
3.98
3.73
3.37
3.9
6.42
5.78
5.77
6.26
5.7
6.35
1.32
2.52
0.11
0.18
1.24
1.82
0.25
0.57
5.1
3.8
3.5
3.5
3.4
3.6
5.6
4.5
4.0
4.0
3.9
4.3
6.7
7.34
5.93
5.78
7.07
4.24
6.67
6.5
6.48
2.7
6.7
4.0
3.7
3.45
3.2
3.57
3.72
4.41
9.7
7.8
4.4
9.6
8.0
4.3
9.6
8.2
4.4
10.4
8.4
153.4
151.7
153.8
150.7
63.8
8.7
63.4
8.5
160.0
0.860029
1.91614
0.014276
3.511448
0.46236
5.469161
3.885
0.009276
0.564
0.53479
12.2
10.3
13.3
8.2
6.6
9.0
462.0
5.6
6.9
6.3
4.3
41.8
107.6
122.5
112.0
101.6
0.4
2.5
2.6
1.4
1.4
1.8
1.4
2.4
2.8
25.0
16.66667
12.5
5.19
4.05
5.8
4.97
3.16
2.65
8.625
8.228
7.023
8.656
8.238
7.098
8.615
8.224
7.127
4.8016
3.663
2.521
4.82
2.537
3.549
1.54
2.48
0.15
1.0
1.85
0.1
1.01
2.46
0.09
1.06
2.99
0.6
2.19
2.13
0.13
3.5
2.3
1.1176
4.9
3.7
0.8336
3.21
0.82
5.13
0.85
5.64
0.38
0.93
1.04
1.32
0.55
0.52
0.51
0.62
7.49
11.26
11.68
10.27
8.95
12.38
11.54
11.64
2.09
1.96
4.42
3.62
0.57
0.26
5.5
4.5
2.2
0.09
0.11
0.18
0.48
0.31
0.46
0.03
0.05
0.25
0.93
0.55
0.97
0.04
0.06
0.64
0.32
0.64
0.11
0.17
0.8
0.74
0.92
4.1
4.1
3.8
3.8
4.0
3.9
3.0
2.7
3.0
2.9
3.1
2.8
2.7
3.1
3.75
4.26
4.54
6.36
6.875
5.72
5.78
6.55
4.56
3.97
0.038
0.1
2.79
2.61
2.53
1.49
1.69
1.33
0.94
0.24
1.6
0.1
2.53
0.17
12.38
6.9
12.2
0.68
0.17
12.01
0.16
4.85
0.13
0.99
0.07
12.41
8.33
0.471
0.06
0.306
8.17
0.484
0.12
6.06
0.391
0.13
0.325
0.341
0.138
1.76
1.74
0.308
0.37
1.65
1.84
0.384
0.356
1.78
1.76
0.99
1.56
1.64
1.07
1.436
0.809
2.157
1.805
2.558
0.933
0.604
1.897
24.58
23.19
29.77
28.72
20.62
21.98
25.81
22.88
24.59
27.56
31.06
29.78
21.82
22.01
26.71
25.24
14.26
12.06
19.13
18.33
24.09
27.12
30.98
30.71
17.6
17.55
24.21
21.48
21.19
23.19
26.8
25.9
25.96
25.76
31.2
28.57
25.96
25.76
31.2
28.57
23.31
21.24
25.19
24.44
25.01
23.22
25.3
26.73
4.8
6.8
5.1
5.5
6.4
6.7
6.6
6.5
9.2
9.1
8.3
8.2
8.5
8.9
9.784
8.2
3.882
4.756
3.7
2.9
2.5
0.4
1.6
2.4
3.6
0.8
0.3
0.3
2.6
2.7
3.3
2.04
2.56
344.3
302.0
0.2
119.0
232.0
38.0
61.8
41.9
26.2
36.1
65.7
54.5
40.0
42.7
7.3
2.6
2.9
0.3
8.3
2.1
1.021
1.069
0.997
0.919
1.06
1.119
1.427
1.146
1.107
1.221
0.773
1.163
0.42
3.14
3.24
3.67
3.33
3.46
3.96
3.66
3.88
0.26
0.29
1.39
0.51
0.45
0.25
0.36
1.44
0.67
0.27
0.8
0.91
0.75
1.19
2.13
0.8
1.22
1.06
0.85
0.68
0.68
1.02
1.13
2.05
1.09
0.27
0.6
1.4
1.68
2.93
2.55
1.13
3.56
1.79
1.07
1.48
1.53
3.19
2.74
1.77
3.77
2.42
0.64
0.88
1.46
1.36
1.11
0.84
1.11
1.24
3.27
220.0
1000.0
1.57
0.499
0.399
0.463
0.211
0.253
0.299
0.415
2.5
2.3
3.65
2.7
4.03
2.49
3.29
2.97
4.06
2.92
2.94
2.96
2.96
3.0
3.96
3.99
4.0
4.74
3.89
1.67
1.74
1.49
1.75
1.78
4.22
4.2
4.28
4.91
4.07
1.61
1.69
2.46
1.74
2.47
4.18
4.1
4.03
5.25
4.18
1.92
2.16
2.84
2.33
2.91
3.86
3.74
3.68
4.78
3.87
2.6
1.6
1.93
7.4336
3.4488
127.078
15.2752
0.953216
6.44
8.7641
64.8374
6.5551
4.8036
13.378
2.798
0.538
0.784219
9.4731
5.3374
8.68
5.12
10.57
7.14
15.49
7.7838
9.0
8.4304
10.34
6.32
9.22
8.34
7.82
7.82
9.36
7.7
2.14
1.77
1.48
2.15
1.51
0.77
2.68
0.29
2.33
3.58
3.09
3.44
3.85
3.96
3.65
3.04
4.02
4.37
5.15
5.38
5.52
5.78
5.99
5.79
5.32
3.41
4.02
4.81
4.82
5.05
5.28
5.53
5.87
5.7
0.99
1.25
1.53
4.87
5.21
3.26
3.3
3.19
3.05
2.26
4.36
4.79
2.44
2.36
2.23
2.22
1.86
6.4
6.0
3.8
6.7
6.3
6.0
6.3
4.45
2.9
1.1
0.15
1.4
1.01
1.48
0.95
1.92
1.82
2.24
2.19
1.96
1.86
2.07
2.24
2.48
3.06
3.31
2.34
2.32
2.5
3.34547
4.22
6.92
4.04
5.0
2.54
1.94
1.79
3.24
2.41
2.9
3.2
0.03
0.05
0.05
0.04
0.03
0.06
0.06
0.05
4.9
1.12
1.2
4.67
3.95
3.37
0.13
0.75
2.04
0.13
0.84
3.27
3.61
1.2
1.43
3.4
2.85
2.85
1.92
4.85
4.24
3.93
3.05
4.07
3.63
2.9
3.2
3.02
2.48
0.471
0.306
0.484
0.391
0.325
0.341
0.138
0.308
0.37
0.384
5.4
0.356
4.4
6.9
5.8
1.14
2.43
0.45
8.97
20.18
11.44
13.73
11.59
3.84
15.39
0.46
0.51
0.25
0.61
0.98
0.72
0.73
0.81
0.83
0.2
0.57
0.8
0.87
0.94
1.01
0.62
0.87
0.97
0.91
1.14
0.13
0.38
0.43
0.5
0.59
0.73
0.2
0.69
0.84
0.98
1.34
1.62
0.44
1.25
1.13
1.48
1.24
1.3
0.33
0.93
1.08
1.26
1.19
1.31
0.36
0.93
1.14
1.28
1.29
1.29
0.44
1.0
1.02
1.33
0.36
0.87
1.13
1.11
1.17
1.25
0.36
10.7
17.3
24.59
18.17
16.98
18.98
9.49
22.39
4.72
5.08
5.3
0.2895
7.246377
9.433962
6.666667
13.513514
7.692308
2.272727
8.333333
4.0
14.3
17.8
8.8
9.2
9.0
28.5
28.5
12.7
34.0
2.1
3.8
2.5
5.9
7.0
5.8
5.2
3.2
4.5
2.4
14.63
26.37
15.76
19.54
2.2
0.4
0.4
2.0
0.4
0.4
0.4
0.4
0.3
2.0
0.3
0.1
6.21118
2.4
9.7
9.7
32.0
18.0
2.2
3.5
78.9
104.4
3.1
110.0
3.2
5.3
69.1
63.0
7.6
152.4
57.8
42.0
70.6
59.0
49.4
78.1
65.8
56.7
75.0
67.8
79.1
132.0
50.6
77.8
149.2
67.4
86.0
154.8
66.9
24.0
28.0
94.2
174.6
54.7
37.6
64.5
52.9
40.3
85.7
60.9
43.1
78.6
53.7
65.5
71.8
0.86
0.51
0.59
0.56
0.62
0.92
1.0
0.51
0.65
0.64
2.76
1.06
1.01
0.99
0.58
0.23
1.22
0.31
0.6
0.66
2.41
2.14
2.3
3.14
1.91
1.2
1.6
2.91
26.0
11.4
6.0
1.5
10.5
4.4
4.0
0.0006
0.008946
0.0008
0.016862
0.00359
0.016
0.19
0.55
2.32
2.9
2.82
3.4
4.36
4.38
0.066
0.35
0.57
4.2
6.7
13.0
0.9
0.5
2.0
0.7
1.6
6.0
3.4
7.7
4.5
6.6
7.6
2.8
0.9
5.4
1.6
3.9
7.8
6.3
8.0
7.7
8.4
7.7
5.6
3.7
7.4
4.9
7.3
7.0
7.4
7.7
8.5
9.2
7.4
1.4
0.6
6.0
0.9
4.1
14.1
7.8
12.7
10.5
13.2
12.6
2.8
1.9
5.9
2.6
6.6
9.8
8.3
9.3
9.7
10.3
8.3
9.2
9.2
8.6
9.5
7.1
7.5
7.8
2.0
6.9
5.9
1.5
0.61
0.606
0.618
1.8936
2.2663
0.3562
0.2548
1.5
2.0
1.4102
3.7554
0.8526
1.1502
0.7423
1.6128
2.2
1.2
6.0
0.063
1.6
1.5
19.4
3.4
3.6
3.57
3.0
11.3
14.8
11.278
12.9
12.763
0.89
1.5
1.66
2.17
2.22
2.62
3.03
0.82
0.85
1.0
1.1
4.0
4.3
4.8
5.9
5.4
5.8
5.4
1.0
1.9
2.2
2.6
2.5
2.0
0.5
4.4
4.5
4.5
4.9
5.0
4.8
4.7
3.7
2.9
6.9
6.9
5.5
4.9
1.12
0.7
0.18
2.56
3.68
0.81
0.54
0.32
0.19
0.86
2.38
3.7
0.63
0.85
0.45
0.22
0.89
3.72
2.41
1.99
2.932
2.16
3.016
2.296
1.814
1.517
1.2
1.4
3.1
3.7
3.5
2.9
1.78
2.56
2.514
1.6
0.96
3.82
2.82
2.2
1.8
1.5
4.365
2.785
1.645
4.3
4.4
1.69
1.91
2.51
3.29
4.06
5.71
1.54
0.58
1.04
0.56
9.5
10.5
8.7
9.2
9.6
7.8
6.7
7.5
7.7
6.5
1.467
1.812
5.3
0.299821
3.92
2.143
2.095
0.336402
0.637102
21.0
41.0
13.0
34.0
0.15
1.6
1.4
2.1
1.4
0.94
1.2
1.4
5.4
5.9
2.0
0.47
3.8
0.37
1.44
0.046
0.21
0.17
0.46
0.44
0.14
0.58
3.6
4.2
5.0
4.5
2.6
0.088
3.3
3.6
3.4
0.33
3.2
3.0
0.76
1.59
0.4
3.97
17.8
1.9
4.24
9.9
4.41
5.44
1.8
4.64
5.3
4.88
14.0
4.34
1.1
0.41
10.7
0.88
2.35
1.8
5.11
4.23
1.8
4.71
15.7
6.11
0.8
5.8
1.88
1.67
0.9
1.81
1.66
4.4
1.2
1.7
1.78
1.3
1.79
1.18
0.6
4.14
0.8
5.29
4.37
4.4
4.3
0.85
2.97
2.72
2.81
5.38
0.84
2.7
4.68
1.07
1.43
5.1
4.74
1.26
1.35
1.29
1.29
1.92
1.3
1.97
1.25
1.32
1.94
1.28
2.73
1.296
2.53
1.13
3.33
1.32
3.1
2.82
1.14
1.26
0.98
1.32
1.05
2.26
0.79
1.23
0.63
0.62
1.12
1.002
2.02
1.02
2.15
1.04
2.16
1.02
2.74
2.59
1.08
3.29
1.09
0.88
3.06
2.8
1.21
1.21
1.25
1.51
1.15
1.24
2.35
0.79
1.2
0.79
1.41
1.08
3.21
1.04
1.07
3.85
1.19
1.28
3.62
1.26
0.43
4.11
0.8
2.0
3.12
2.65
2.23
2.43
5.18
4.78
2.89
2.41
5.24
3.5
2.23
2.23
6.99
3.61
2.95
3.47
0.54
1.7
3.5
5.51
2.96
2.26
5.12
2.26
3.1
6.62
1.14
2.78
2.03
1.03
1.23
0.208
1.75
1.02
0.119
1.01
1.06
5.4
4.07
1.09
1.83
0.9
1.83
1.7
1.8
2.68
2.75
4.85
3.85
2.27
1.53
2.48
1.98
4.14
1.89
1.42
1.364
1.88
1.05
1.35
2.46
3.1
2.45
3.01
1.92
1.59
3.08
5.08
3.63
3.81
3.38
2.03
1.34
0.994
1.02
2.21
2.12
2.15
1.16
2.93
1.43
1.35
1.05
3.21
1.91
1.4
5.34
5.3
4.52
4.03
4.49
3.36
4.11
4.0
6.174
5.74
4.28
5.02
1.367
1.3
2.49
3.32
2.78
2.8
1.84
3.08
4.97
5.45
1.72
1.66
1.54
1.55
1.57
1.54
1.56
1.58
1.55
1.84
1.74
1.86
1.75
1.77
1.32
1.5
2.66
2.25
2.29
2.23
2.22
2.3
2.33
1.2
1.96
1.73
1.83
2.13
1.66
1.83
1.67
1.66
1.76
1.87
1.73
1.69
35.2
33.4
33.8
20.6
23.5
23.3
0.37
0.38
1.09
0.89
1.0
1.25
0.95
2.03
2.51
0.34
0.35
0.33
0.38
0.38
0.46
0.6
0.76
1.1
0.013
0.01
2.51
1.74
0.0006
0.0009
0.0009
0.001
4.5
4.53
4.48
4.66
4.7
3.65
2.8
1.46
2.31
1.87
0.91
2.02
2.36
3.12
1.89
4.94
11.58
9.74
1.23
0.85
0.1
0.1
6.79
6.78
7.35
6.75
6.2
6.96
6.62
6.16
6.69
6.21
5.89
6.34
6.61
6.23
6.76
6.1
5.93
6.31
5.85
5.73
5.95
3.37
3.97
3.9
5.7
6.3
7.6
5.4
6.9
8.7
8.7
0.35
0.9
0.6
0.4
0.7
2.41
1.24
8.88
0.64
0.63
0.64
0.64
1.65
1.14
7.7
7.1
1.8
9.4
4.9
1.8
7.0
14.2
14.2
8.6
6.0
1.7
13.0
7.1
16.8
3.1
4.2
10.9
17.1
11.5
19.6
14.6
17.0
15.1
22.8
21.6
12.7
22.7
22.1
17.3
22.0
13.4
5.1
15.6
20.7
21.7
1.3
3.5
1.0
2.0
0.7
0.7
1.2
1.7
3.92
3.89
3.71
4.16
4.18
3.93
0.52
0.58
1.96
2.1
0.1
2.2
1.4
0.1
6.46
7.42
7.1
5.65
6.6
6.03
5.08
6.71
4.3
8.0
3.04
8.56
1.21
5.88
0.62
7.85
6.3
5.31
5.41
6.91
6.45
3.42
7.43
6.93
8.1
12.8
8.83
7.03
7.77
9.54
6.52
2.61
4.04
5.56
6.29
1.12
7.19
7.81
6.86
7.56
6.49
3.23
0.48
3.67
0.94
3.22
4.01
0.8
3.37
4.68
4.56
0.59
4.45
5.52
3.6
2.54
1.05
0.93
0.96
1.92
1.77
2.03
1.86
2.17
0.59
1.36
4.15
2.3
2.05
1.5
1.17
4.68
4.56
4.25
3.84
2.56
3.58
3.49
3.6
3.63
3.43
3.24
3.13
1.34
1.32
1.25
1.26
1.19
1.23
1.27
2.45
2.38
2.52
2.63
2.29
2.09
2.26
5.13
5.75
5.73
5.99
4.67
4.5
4.24
2.57
2.38
1.93
1.84
1.77
1.81
2.03
2.16
4.06
6.69
7.83
8.35
9.11
0.12
0.22
0.18
0.33
2.45
3.49
3.9
3.66
2.56
3.83
0.91
1.064
0.93
0.89
0.91
0.38
0.44
0.97
1.44
1.76
0.6
0.74
0.34
0.23
1.02
0.25
0.24
0.23
0.24
0.23
0.22
0.24
0.28
0.35
0.22
0.23
0.22
0.22
1.83
2.13
0.97
3.01
1.88
1.3
1.11
0.96
0.76
0.93
0.85
1.19
1.31
1.33
1.23
1.03
0.79
0.98
0.93
1.32
1.42
1.46
1.37
1.12
0.84
1.03
1.01
1.39
1.5
1.53
1.4
1.2
0.89
1.11
1.18
1.49
1.57
0.25
0.17
0.16
1.03
2.21
2.97
0.79
0.36
2.1
2.5
3.1
0.41
2.2
2.0
5.41
5.3
5.13
4.82
5.44
5.32
5.07
4.92
5.2
4.93
4.65
4.41
4.69
4.07
3.74
3.46
5.54
5.21
4.91
4.8
6.36
6.28
6.56
5.29
6.02
5.16
4.14
2.98
1.73
4.86
2.36
3.82
2.6
15.18
3.56
5.52
1.66
9.32
23.6
19.79
5.37
12.44
16.73
4.6
4.4
3.5
4.2
1.8
1.2
1.15
0.53
0.7
0.31
0.61
0.97
0.52
0.57
0.32
0.56
4.04
4.49
2.5
4.01
3.94
3.96
3.59
4.43
2.4
3.96
4.6
3.56
3.57
3.6
2.2
1.29
1.18
1.26
1.23
3.0
2.95
4.57
2.0
4.93
5.19
2.4
2.8
13.33
12.82
2.8
2.3
2.0
1.79
1.58
1.29
1.21
1.13
1.11
0.92
2.4
4.0
4.0
4.2
4.0
4.5
4.6
4.0
5.2
4.1
5.05
5.12
5.26
5.3
5.4
6.7
5.6
5.8
3.65
3.6
3.89
4.33
3.95
4.02
3.82
3.65
3.77
4.17
3.88
4.01
3.89
3.72
4.16
4.34
4.35
3.88
0.33
1.87
2.04
0.22
0.25
0.35
0.57
0.77
0.32
0.62
0.53
0.27
0.25
0.9
0.38
0.22
0.39
0.39
0.4
0.43
0.4
0.27
0.15
1.07
1.06
0.82
0.84
0.67
0.41
0.51
0.4
0.26
0.14
0.22
0.35
15.3
24.4
20.3
11.6
5.9
14.9
22.4
18.5
25.1
22.5
17.7
11.9
20.0
22.5
21.9
11.9
8.6
2.7
21.0
1.7
2.0
1.4
1.8
1.7
1.9
0.0001
0.0001
0.0001
0.0001
0.000235
0.000392
3.811
3.414
2.423
1.117
0.82
1.14
2.13
1.76
3.13
3.54
2.8
2.4
60.0
50.0
51.0
54.0
47.0
40.0
73.0
2.5
3.4
11.1
3.0
3.8
6.1
168.0
140.0
114.0
133.0
64.0
15.0
20.8
7.5
22.2
20.0
18.0
2.5
12.9
17.7
4.7
29.0
33.0
20.0
18.7
18.2
18.0
18.0
6.39
6.3
6.45
6.11
6.15
6.16
6.2
6.19
6.44
3.99
5.85
4.5
5.7
5.1
3.4
7.4
4.5
3.8
4.8
6.5
6.2
5.4
8.2
5.6
4.7
6.1
6.2
8.3
6.2
5.4
4.6
5.9
5.3
7.9
5.1
4.1
4.6
5.7
7.5
6.1
8.9
5.7
4.7
1.56
0.26
0.23
0.08
0.07
0.06
0.14
3.6
4.1
4.4
0.17
0.28
0.56
0.76
0.89
0.18
2.18
0.9
1.24
1.01
2.08
0.31
0.41
1.29
0.23
0.18
0.19
0.17
0.21
0.22
0.18
0.14
0.13
2.21
2.01
2.45
2.96
3.03
2.82
3.92
3.87
4.51
6.89
7.27
7.9
27.6
18.8
14.0
2.1
2.0
0.028
1.0
1.0
1.3
1.0
7.55
15.1
13.8
11.2
28.2
7.14
8.98
7.83
10.8
25.6
0.75
1.525
2.244
3.32
6.424
3.145
2.85
1.049
1.592
1.732
1.216
3.973
1.77
1.52
0.54
0.97
2.34
1.26
1.23
1.04
2.12
0.52
1.1
4.9
4.7
6.4
12.5
4.0
5.4
3.1
4.4
4.63
1.69
1.74
1.57
0.86
1.03
1.24
1.11
1.24
1.42
1.1
1.98
14.2
15.1
9.1
13.3
8.9
8.46
12.5
21.3
21.8
17.9
19.5
18.7
16.0
12.5
17.8
19.2
16.6
19.3
21.8
22.9
21.3
19.1
20.4
12.7
12.2
14.8
22.2
19.1
22.0
16.1
19.0
16.0
18.8
17.5
22.0
1.2
2.0
1.9
0.34
0.33
0.44
12.6
13.1
13.1
9.9
10.4
8.5
10.3
12.0
13.1
13.3
11.3
11.7
10.3
11.7
12.5
12.8
12.6
10.4
10.3
8.46
10.7
12.8
13.7
13.7
11.1
11.3
9.7
11.3
10.7
11.5
12.6
10.3
11.2
3.6
7.3
12.0
11.6
13.2
10.0
11.6
10.3
11.6
4.38
3.74
1.4
2.86
2.85
3.81
3.77
3.76
3.67
3.68
3.53
3.29
3.08
2.42
3.01
3.42
3.95
3.58
3.56
4.01
2.8
2.0
1.72
1.14
5.3
3.2
4.5
2.1
0.67
0.49
2.03
2.03
1.28
1.33
1.32
0.25
1.21
0.01
0.027
1.14
1.92
1.53
2.41
2.03
1.78
1.2
1.44
1.24
0.67
1.14
0.003
0.3
1.45
1.87
1.47
2.33
1.93
1.27
1.01
0.3
1.25
0.22
1.05
0.358
0.64
1.16
1.28
1.23
1.5
2.01
1.85
0.6
0.47
0.34
0.022
0.041
0.102
0.086
0.072
6.9
0.9
0.3
0.4
6.2
3.4
2.2
3.5
0.5
0.2
0.2
0.3
6.5025
12.0789
11.5112
12.6982
14.14
20.96
21.07
17.35
11.43
3.61
3.12
0.55
0.58
0.47
0.5
0.39
1.58
1.86
3.92
1.04
3.5
3.24
3.28
5.45
5.31
5.23
2.165
0.742
1.189
1.188
6.095
1.917
0.609
3.122
2.9
0.999
3.43
2.4
0.74
0.93
1.0
1.02
0.8
0.96
1.12
1.3
1.1
0.35
4.6
1.1
1.9
11.6
1.01
0.87
0.95
0.86
1.05
0.91
0.97
1.6
0.81
1.1
0.82
13.3
9.0
13.0
2.4
2.4
12.8
6.28
5.9
5.6
5.84
5.0
5.07
6.21
5.48
5.63
5.56
5.78
5.57
5.92
5.96
5.8
6.94
5.46
5.71
5.9
5.78
5.98
6.04
6.01
6.09
6.1
5.72
5.7
6.6
6.5
6.5
6.98
6.21
5.28
5.7
2.96
4.11
6.57
4.22
3.01
6.16
1.88
7.547
4.929
5.48
5.16
4.0882
4.49
17.2
1.03
1.08
1.11
1.12
1.15
1.02
1.1
1.11
1.14
1.18
1.05
1.06
1.08
1.08
1.08
4.0
3.0
3.5
3.5
17.9
18.6
19.7
21.2
23.4
25.1
22.0
16.1
18.4
20.1
21.0
23.4
24.5
22.3
16.1
17.5
19.4
20.2
23.1
22.4
20.7
11.3
12.9
14.9
15.5
19.3
16.3
15.8
17.6
19.4
19.1
19.1
21.6
21.8
20.2
1.427
0.838
0.978
0.442
0.476
0.481
0.466
2.289
1.782
1.363
1.125
1.221
1.252
1.276
1.365
0.75
0.54
0.51
2.4
2.2
2.67
1.24
2.39
3.38
5.48
9.67
5.22
5.5
4.82
4.85
3.61
2.1
7.27
8.52
6.93
5.98
3.82
10.24
6.62
5.13
6.55
4.9
4.54
5.022
4.905
5.286
3.66
2.8
2.166
4.204
2.1
2.1
1.6
1.1
1.2
1.1
1.1
5.1
1.6
1.8
1.2
0.22
1.1
1.5
2.1
13.6
9.4
3.0
5.5
1.4
18.8
5.4
4.6
2.1
0.35
5.6
6.5281
6.8564
7.6318
6.908
4.929
5.1084
4.0882
7.547
0.098
0.287
0.202
0.116
0.075
1.14
0.42
1.52
2.28
1.8
0.35
0.43
0.64
1.15
1.07
2.58
0.86
0.65
0.78
0.77
0.84
1.06
0.79
1.83
1.769
1.715
1.516
1.115
1.21
1.193
1.144
1.156
0.632
0.585
0.537
0.464
0.319
0.969
1.911
2.3442
2.226
1.87
1.685
1.295
1.172
1.149
1.167
1.24
0.188
0.189
0.189
0.279
0.411
0.627
1.918
2.265
0.7
1.0
0.3
6.5
3.5
3.6
4.0
5.5
2.9
3.5
5.0
4.4
5.0
4.0
3.1
3.0
3.9
3.8
3.0
1.8
3.2
3.0
10.4
11.2
11.7
11.9
12.6
16.0
3.9
4.0
3.6
3.4
5.39
0.5
0.74
0.7
1.35
1.6
7.3
4.63
3.2
4.09
3.84
4.14
6.4
2.07
1.32
3.87
0.59
0.52
3.98
0.2
0.56
1.169
0.21
0.24
0.41
0.26
0.2
0.43
0.83
1.52
4.05
4.15
1.42
1.95
2.44
1.65
1.05
2.14
4.41
5.22
5.23
5.38
4.64
4.73
5.21
5.04
4.95
5.05
4.53
3.74
3.59
2.6013
1.68
1.68
3.8
1.61
0.0258
0.0374
0.138
0.0288
1.05
1.07
0.55
1.25
1.36
0.04
0.0694
0.0912
0.111
0.131
0.122
0.136
0.129
0.382
0.042
0.041
0.04
0.0575
0.043
0.04
0.0607
0.135
0.0775
0.128
4.2
4.33
0.66
4.58
4.68
0.87
4.88
5.65
5.6
5.94
4.39
5.26
0.74
0.7
0.57
0.29
2.3
2.5
2.5
2.9
3.93
4.88
5.56
5.49
5.49
4.06
5.77
4.87
1.2
6.0
5.97
5.78
6.36
5.94
5.46
5.69
5.36
5.14
5.17
5.69
5.79
6.19
6.27
6.57
6.17
2.11
2.25
2.2
2.1
2.23
2.52
2.06
2.19
2.43
2.35
2.76
2.7
2.58
2.52
2.53
2.29
2.21
2.29
2.83
2.11
17.66
15.9
12.79
13.65
12.94
12.84
11.86
10.96
12.3
12.5
2.9
19.2
12.5
1.0
8.8
5.7
2.2
4.9
0.6
0.6
1.1263
0.443
0.451
0.445
0.444
0.446
0.253
0.204
3.11
2.85
3.13
3.79
3.94
0.38
0.37
4.09
0.93
3.21
12.8
12.9
12.4
13.1
13.2
14.1
11.3
12.4
11.8
13.5
10.7
11.1
10.4
11.0
8.7
10.5
7.8
8.4
6.9
0.152945
0.993087
0.92408
0.203232
4.45
4.73
4.31
4.43
4.24
4.34
4.25
6.18
6.66
6.58
6.44
6.62
6.74
6.51
3.68
3.98
3.64
3.68
3.45
3.43
3.16
4.48
4.63
4.37
4.31
4.09
4.77
4.54
2.17
1.97
1.56
1.59
1.4
1.37
1.22
2.51
2.49
1.5
2.25
1.78
1.68
1.54
4.43
3.78
3.38
4.16
4.47
3.61
4.02
3.77
4.0
2.62
1.59
3.31
0.73
0.81
0.86
0.94
0.46
0.66
1.8
0.5
1.22
1.5
1.34
1.54
1.22
1.23
1.19
1.1
0.93
1.16
0.62
1.53
1.02
0.49
0.37
0.75
1.08
1.07
0.9
1.5
1.1
0.6
0.9
0.8
0.6
0.8
0.8
0.7
0.8
0.7
0.9
1.3
1.1
0.9
1.3
0.9
0.8
1.2
1.1
0.7
0.8
0.7
0.34
0.39
0.62
1.86
0.51
1.37
0.22
0.18
0.29
0.54
0.56
1.52
0.2
0.23
0.34
0.43
0.4
1.09
0.2
0.42
0.54
0.42
0.48
4.3
0.8
4.8
5.3
3.9
6.5
8.2
5.1
4.0
7.0
8.9
5.7
17.3
9.47
9.59
9.32
6.31
1.56
2.56
0.25
3.42
3.4
3.43
0.49
0.54
0.57
0.21
0.21
22.5
15.3
8.6
20.8
12.1
2.8
21.2
14.7
7.9
18.9
13.2
5.2
22.4
15.3
7.7
0.529
0.873
0.947
0.912
0.88
0.843
3.5
3.43
3.25
3.74
3.47
3.31
3.0
2.45
2.23
2.26
1.84
0.85
1.2
0.84
0.29
1.27
0.1
3.38
3.3
2.03
0.1
0.9
0.16
0.1
0.0052
3.9
10.3
9.3
3.3
18.4
14.2
21.42
15.75
14.2
10.5
62.0
27.0
38.0
4.0
3.7
6.3
6.7
6.3
6.3
6.2
12.1
26.5
20.3
22.6
26.1
29.5
40.6
13.4
20.1
53.7
53.6
15.0
15.0
9.0
17.0
54.0
16.7
11.7
35.1
26.0
23.7
46.1
3.1
4.35
5.2
5.09
3.86
5.84
19.0
22.0
48.1
7.0
49.0
49.0
50.0
6.0
47.0
49.0
54.0
49.0
45.0
51.0
3.26
4.97
960.0
5.5
5.47
5.5
5.47
8.0
13.0
20.0
68.0
58.0
32.0
5.3
3.5
7.5
9.0
11.2
12.6
4.2
4.9
5.6
10.4
16.5
10.2
10.2
33.0
41.0
14.5
15.6
19.1
13.1
38.3
27.6
39.4
37.4
15.0
18.0
12.9
26.8
7.0
7.8
5.5
4.9
4.1
1.92
1.87
2.01
5.4
4.3
6.7
4.8
3.9
7.7
3.2
2.9
7.2
9.0
10.6
9.8
10.5
10.0
2.8
1.1
4.0
8.8
6.77
7.46
7.95
3.58
5.87
7.2
7.52
5.2
2.73
5.38
9.4
3.5
5.1
6.3
4.601
2.08
2.16
8.6
9.1
13.9
2.55
1.51
2.914793
0.035682
0.425
1.22
1.85
3.898082
0.012937
0.938
13.66
2.45
2.404676
0.086162
0.525
1.22
1.79
6.87
7.4
4.84
4.53
4.32
4.1
2.4
3.3
3.9
2.2
3.2
5.0
3.3
3.4
4.7
3.6
3.7
4.5
3.5
3.8
4.3
3.7
4.3
0.2
0.2
10.6
6.68
1.95
6.67
14.5
6.83
2.05
3.96
3.32
7.58
6.0
5.7
10.9
11.1
4.1
6.4
5.5
5.4
4.0
11.2
10.0
1.91
2.29
7.59
7.78
3.23
7.6
3.41
4.56
3.39
3.84
3.87
3.31
4.03
2.03
16.8
0.65
3.06
4.21
2.97
2.98
3.01
3.39
5.02
3.46
6.06
5.49
3.13
3.02
3.49
3.56
0.8542
0.4055
0.8424
1.198
1.22
1.899
4.65
4.67
5.4
5.29
5.24
5.0
5.22
5.28
4.97
5.38
5.13
5.31
1.9
1.7
1.8
1.6
1.6
1.7
1.8
1.8
1.7
1.8
2.0
2.6
2.8
3.8
3.2
4.2
4.8
4.2
1.9
2.5
2.6
2.4
2.9
3.1
3.6
3.7
3.8
4.3
6.2
6.6
7.2
5.8
4.016
2.174
1.226
0.75
9.5
7.1
10.0
10.7
10.5
8.3
8.2
0.4
8.5
8.0
7.3
8.6
8.6
7.1
13.0
7.7
10.0
13.0
11.0
7.7
10.6
11.3
12.0
9.2
9.0
1.4
9.9
2.3417
0.9577
0.3767
0.2521
0.2023
0.2321
0.1732
0.1397
2.58
2.67
2.35
3.8
3.24
3.68
6.87
0.21
2.62
2.53
0.22
0.55
0.2
2.6
2.9
3.05
3.69
3.62
0.63
2.02
7.47
7.73
8.41
7.91
10.4
10.82
12.05
9.39
10.7
10.51
10.11
9.69
5.24
4.8
6.68
6.71
7.47
7.52
8.06
9.36
9.91
8.72
9.26
9.2
9.0
8.67
8.68
5.08
7.24
7.52
8.25
8.04
9.46
10.5
11.4
9.16
10.2
10.1
9.74
9.35
7.42
5.41
7.94
8.01
8.91
8.48
9.85
10.4
11.2
9.32
9.93
9.91
9.44
9.17
6.93
1.74
1.59
1.68
1.71
1.78
2.0
1.641054
1.832476
1.1632
1.478372
1.841235
5.453019
2.67
1.81
0.97
0.39
0.17
2.3
0.58
2.76
0.92
2.74
0.58
2.7
0.9
3.01
0.9376
2.84
0.81
2.9
0.92
2.8
0.83
2.6
0.72
2.67
0.92
2.19
0.54
2.07
0.52
2.7
0.911
2.56
0.9312
10.8
6.4
10.9
8.6
14.9
20.5
17.8
13.4
0.8
1.1
1.1
1.2
4.19
4.35
3.91
4.43
4.27
4.37
4.15
4.69
4.34
4.54
4.45
4.44
4.31
4.51
4.27
4.68
4.59
4.33
4.19
4.09
4.21
4.64
8.1
6.0
6.5
5.5
4.6
4.7
3.5
3.5
3.1
2.6
1.8
2.0
2.1
2.2
2.2
2.1
2.1
1.7
3.3
3.4
4.1
3.9
13.2
8.8
2.33
2.3
2.59
1.31
2.06
2.42
0.63
4.69
1.51
1.94
5.3
2.83
1.72
2.15
1.36
2.07
2.64
1.23
1.86
0.71
1.01
6.59
1.5
2.25
0.99
4.77
1.66
0.63
0.73
0.78
0.87
1.17
1.03
1.13
0.58
0.69
0.74
0.85
1.24
1.02
1.14
0.6
1.2
1.6
0.6
0.8
0.3
0.4
0.7
0.4
0.5
1.0
0.8
0.4
0.5
0.7
0.5
15.0
12.4
14.0
14.9
13.8
3.9
2.22
2.24
2.1
2.06
0.21
1.69
1.64
0.07
0.04
0.93
16.9
0.5
6.6
6.3
6.8
7.8
3.8
6.9
3.3
3.2
7.9
8.7
5.9
6.5
1.5
2.9
3.7
4.0
0.8
5.7
1.1
6.2
8.2
8.5
3.2
3.9
0.7
14.4
7.7
8.7
6.5
6.1
6.5
3.2
14.4
3.1
4.6
5.0
14.6
2.6
1.45
1.59
2.53
3.7
4.36
2.07
1.77
2.39
3.91
4.99
4.75
1.2
1.18
1.64
2.44
2.88
3.37
1.38
1.65
2.51
3.62
4.88
5.51
0.72
0.85
1.34
2.09
3.21
4.22
4.68
4.27
1.0
4.68
5.69
4.2
3.7
8.9
9.37
10.3
10.4
9.8
10.0
8.45
8.27
9.53
8.5
8.04
5.99
5.38
5.03
4.66
3.77
2.93
7.85
9.06
8.98
8.88
2.0
2.59
0.09
0.06
0.03
0.06
0.09
0.29
0.22
0.16
0.22
0.07
0.03
354.0
622.0
82.0
59.0
60.0
71.0
74.0
65.0
49.0
36.0
29.0
99.0
16.0
58.0
60.0
49.0
18.0
460.0
35.0
3.0
2.0
3.0
2.24
2.43
2.1
1.43
1.83
3.05
3.77
3.87
3.92
3.42
4.42
3.18
4.14
1.01
2.55
5.64
3.99
5.95
5.36
6.33
6.41
0.52
0.61
0.43
0.38
1.85
1.75
2.04
0.92
0.89
0.35
2.66
2.47
3.17
1.16
1.15
1.17
0.91
0.89
2.68
2.52
3.01
1.03
0.96
1.47
2.64
1.83
1.14
1.29
1.23
1.36
1.78
3.89
2.57
1.7
1.446341
1.287498
1.28866
1.381406
1.737393
1.698947
1.658639
1.861643
1.652893
1.234568
1.785714
1.612903
0.5
0.7
0.88
1.3
1.49
1.55
0.7
0.9
1.18
1.35
1.43
1.5
1.18
1.34
1.51
1.96
1.03
0.65
0.94
1.12
1.28
1.86
1.02
0.63
1.91
2.15
1.32
1.31
1.34
1.0
2.8
1.0
2.1
0.5
4.36
1.17
1.71
5.4
2.14
0.64
1.65
8.42
8.55
1.09
4.42
9.1
8.85
8.1
7.96
10.78
10.59
10.08
10.95
16.49
10.64
16.71
10.17
15.62
2.91
4.65
5.29
3.5
2.8
2.5
3.8
4.7
3.0
7.2
5.1
0.37
4.8
0.51
0.48
6.4
6.0
0.5
0.6
6.1
0.59
0.57
0.77
0.74
0.92
0.85
0.54
0.68
0.34
0.29
0.48
0.86
0.76
0.83
0.86
0.81
0.76
0.69
1.08
1.17
0.8
0.67
0.49
0.58
0.56
0.37
0.19
0.24
0.21
0.14
0.29
0.43
0.36
0.38
0.31
0.42
0.83
0.71
0.83
0.63
0.98
1.26
1.13
1.15
1.32
1.4
0.91
1.24
1.25
1.13
0.82
0.3
0.87
0.91
0.93
0.87
1.17
0.91
0.93
1.15
0.96
0.75
0.67
0.45
0.57
0.47
0.37
0.39
0.35
0.28
0.62
0.64
0.55
0.59
0.55
0.59
0.52
0.35
0.43
0.66
0.38
0.58
1.83
0.71
0.58898
0.41361
0.41106
1.16
1.24424
0.75728
1.24975
0.475
0.59
0.62
1.54
0.67
1.52
1.26
2.27
1.26
2.55
2.05
2.25
0.77
0.6
0.64
1.32
0.73
0.75
0.92
1.35
0.9
1.51
2.38
2.43
2.68
0.95939
2.47
1.7
1.92
1.48
0.32396
0.74
0.71
0.92
1.73114
1.67885
0.98
1.53459
0.72402
1.35532
0.46088
1.19384
1.0608
1.22059
0.7676
5.86
4.97
5.11
5.24
2.43
4.16
2.29
0.31
3.79
0.98
0.15
2.87
0.47
0.16
4.31
2.12
0.27
4.07
0.86
0.16
3.44
0.43
0.13
0.19
0.75
6.75
7.19
6.42
7.01
5.12
3.62
1.27
0.12
0.39
5.96
5.54
6.72
8.33
6.61
5.1
1.87
0.22
0.67
5.78
4.88
5.1
3.28
2.79
1.25
0.79
0.15
0.49
5.28
2.97
6.88
10.25
8.42
6.52
2.3
0.9
13.5
14.0
6.2
13.2
5.8
7.2
3.1
0.2
0.9
7.98
7.35
6.74
6.44
8.11
7.64
5.52
7.2
9.07
6.76
5.66
5.19
5.13
7.78
5.72
5.24
5.41
7.08
8.3
6.48
6.38
6.7
9.43
10.4
7.78
9.14
8.27
3.84
4.47
7.08
6.24
4.37
3.81
4.28
4.01
4.94
0.92
0.92
2.1
1.5
1.6
1.7
6.0
4.2
3.8
0.03
0.04
0.06
0.1
0.07
0.05
0.03
0.02
0.02
0.051
0.925
0.15
0.23
0.22
0.049
0.23
0.026
0.11
0.03
0.65
0.09
0.14
0.32
0.17
0.06
0.14
0.12
7.2
6.2
6.5
5.8
1.6
6.3
6.8
5.6
0.4
1.8
6.9
6.9
6.4
2.1
6.1
1.8
1.3
2.3
5.4
2.5
0.25
1.0
3.5
4.5
0.95
2.61
4.53
4.45
6.4
5.83
5.4
15.0
21.0
11.0
14.0
19.0
0.32
0.57
1.2
3.1
2.9
0.57
0.18
0.28
0.73
1.6
1.3
0.21
0.15
0.25
0.75
0.33
0.41
0.42
0.13
0.19
0.41
0.22
0.28
0.33
7.7
7.0
1.8
9.4
4.9
1.8
3.9
3.9
6.9
4.2
7.1
6.6
6.8
4.3
2.37
2.38
2.38
2.32
2.46
2.55
9.32
8.0
7.3
6.76
5.77
9.27
1.77
1.57
1.47
1.34
1.06
1.34
1.34
1.25
1.18
1.2
17.5
0.058
5.57
5.84
3.2
0.9
1.0
0.05
10.4
9.5
4.3
35.0
34.1
52.9
49.0
54.0
6.77
51.0
0.749
0.473
0.252
0.769
0.422
0.245
0.558
0.207
0.273
0.245
0.34
0.237
0.196
0.253
0.197
0.323
0.184
0.082
0.06
0.07
0.063
0.069
0.117
0.069
0.057
0.065
0.057
0.072
0.327
0.207
0.142
0.196
0.179
0.185
0.678
0.533
0.469
0.498
0.477
0.503
5.46
5.57
5.66
5.73
5.78
6.17
0.56
0.46
0.41
0.44
0.42
0.42
0.259
0.16
0.127
0.125
0.122
0.147
1.021
0.893
0.82
0.939
0.882
0.779
0.331
0.241
0.206
0.221
0.214
0.21
5.24
5.17
5.17
5.37
5.3
5.43
0.489
0.362
0.317
0.349
0.324
0.308
0.212
0.116
0.097
0.09
0.087
0.11
1.041
0.836
0.753
0.943
0.848
0.676
0.358
0.236
0.198
0.244
0.22
0.18
3.92
5.2
4.27
4.98
3.84
2.25
2.85
3.31
4.48
5.6
6.68
5.46
2.8
2.62
1.63
2.67
2.26
3.5
6.54
3.01
1.04
1.22
2.1
1.02
0.67
0.49
3.655
3.735
4.542
4.276
4.0
4.4
4.6
4.1
6.1
7.0
8.1
1.66
1.88
1.87
2.07
2.1
2.1
3.66
3.26
2.02
2.31
2.5
2.69
3.67
3.63
2.18
2.5
2.82
3.15
3.62
4.14
1.0
0.73
0.79
0.84
0.65
2.17
1.6
0.02
0.02
0.02
2.3
2.8
3.17
3.78
3.47
0.16
0.16
0.17
1.17
1.02
0.56
0.43
0.44
1.46
1.75
0.28
0.28
0.32
0.35
0.51
0.56
0.29
0.38
0.49
0.51
0.58
0.61
0.78
4.6
3.3
3.1
2.1
12.1
12.2
8.7
8.1
8.0
1.3
2.6
3.03
3.07
2.92
8.79
8.76
7.0
9.55
3.56
8.46
6.67
9.51
0.18
0.16
0.49
0.32
2.3
2.615
2.848
2.654
3.294
2.009
2.926
3.598
3.008
14.976
1.9
2.4
1.5
4.9
3.2
2.3
1.8
1.0
5.1
10.7
9.6
12.6
2.6
3.0
1.1
2.7
1.03
1.11
1.24
1.1
1.98
3.4
13.4
16.7
2.0
4.9
4.9
5.1
4.5
3.7
3.9
5.1
4.6
4.3
4.7
4.1
5.1
1.79
4.53
1.7
3.92
2.31
1.64
1.87
3.68
1.91
1.66
3.2
4.55
7.23
5.61
3.72
0.047
0.069
0.097
0.127
0.168
0.22
0.996
0.065
0.153
1.48
1.53
1.47
0.6
1.26
1.55
1.58
1.67
42.6
16.0
22.5
1.05
0.8
0.05
1.31
1.62
0.42
0.27
1.36
0.9914
0.04
0.97
1.29
0.41
0.27
0.96
0.977
0.18
1.08
0.99
1.04
0.11
0.92
1.0443
2.2
0.2
1.6
12.6
3.92
11.5
0.05
1.62
7.52
5.9
5.6
5.9
5.9
5.6
5.7
5.8
5.7
5.9
6.6
5.7
6.1
4.8
3.64
1.06
2.5
2.17
2.73
2.57
4.791708
4.92447
1.22
2.91
4.02
4.68
4.71
4.78
4.8
4.84
3.61
4.03
3.95
3.8
3.8
4.37
3.74
2.26
1.5
1.5
1.6
6.5
7.0
6.3
4.16
4.18
5.03
4.35
4.67
1.27
1.22
1.03
0.95
0.78
0.076
0.13
0.14
0.05
0.019
0.017
0.076
0.047
0.067
1.35
1.4
1.35
1.35
1.35
2.42
3.8
3.1
8.2
1.8
5.21
5.4
7.5
11.4
12.6
13.1
2.8
2.2
2.4
6.1
6.7
4.5
6.6
6.3
5.6
6.6
7.4
5.9
5.3
0.07
0.27
0.21
0.72
0.08
0.15
0.79
2.4
0.023
0.044
0.08
0.13
0.16
0.03
0.09
0.13
3.7
1.52
7.53
2.9
1.38
2.38
2.48
2.04
2.94
1.59
1.69
2.14
2.21
2.24
2.39
2.97
0.74
0.69
0.7
0.7
0.72
0.79
0.78
0.82
0.81
0.82
0.8
0.82
0.72
0.79
0.77
0.81
0.8
0.84
0.87
0.79
0.72
0.67
0.67
0.7
0.7
0.71
0.74
0.76
0.75
0.75
0.78
0.8
0.8
0.78
0.76
0.76
0.75
0.75
0.74
0.8
0.65
0.62
0.61
0.64
0.62
0.64
0.64
0.65
0.64
0.63
0.67
0.67
0.65
0.64
0.65
0.64
0.64
0.63
0.64
0.64
3.35
3.28
2.87
2.24
1.87
1.6
2.65
2.65
1.94
1.71
1.46
1.33
0.82
0.54
0.55
3.24
2.72
3.12
2.31
3.12
2.15
1.04
0.6
0.49
0.45
2.595
1.584
0.706
0.428
0.363
0.436
0.315
2.8
0.8
1.4
2.3
4.0
0.84
11.0
5.9
3.2
9.3
4.2
1.6
2.8
4.2
2.8
3.1
0.63
9.4
4.3
8.8
8.4
2.2
3.3
0.79
6.1
11.0
4.8
8.0
10.0
4.2
3.3
3.38
3.39
3.56
3.55
3.67
4.83
5.23
5.24
5.14
5.08
5.04
5.23
4.84
1.86
1.03
1.62
1.35
2.31
2.57
1.77
1.63
5.14
2.32
1.82
2.04
2.9
4.22
4.26
434.0
2.5
0.56
9.2
139.0
273.0
111.0
268.0
263.0
101.0
9.5
116.0
166.0
131.0
216.0
166.0
402.0
0.6
0.3
1.6
0.7
0.3
0.7
1.1
0.6
1.2
1.4
0.4
6.688
7.279
7.258
8.583
8.303
6.263
6.827
6.722
8.1
7.888
5.55
6.036
5.984
6.967
5.185
0.921
0.472
0.423
0.416
0.395
3.02
4.58
2.99
2.03
2.61
1.4
2.08
2.67
1.86
2.75
2.15
0.97
2.49
0.65
1.73
0.45
0.63
1.94
0.41
0.89
1.29
1.34
1.17
5.5
9.0
4.75
7.8
6.3
2.6
3.9
0.35
0.15
0.175
4.29
4.74
4.53
4.21
4.1
2.75
3.61
1.85
1.83
2.08
1.86
3.49
1.79
1.76
2.38
1.75
3.53
1.83
1.45
2.25
2.0
2.362
2.313
2.267
2.4
2.449
2.378
1.859
1.931
1.619
3.164
2.411
2.396
2.412
2.591
2.557
2.316
2.106
2.037
1.664
3.348
2.245
2.358
2.333
2.504
2.517
2.208
1.997
1.838
1.676
3.313
2.174
2.249
2.177
2.116
2.004
2.197
1.976
1.84
1.667
3.073
2.291
2.32
2.34
2.355
2.486
2.289
1.998
1.884
1.679
3.202
2.329
2.42
2.346
2.449
2.451
2.243
1.981
1.78
1.644
3.171
2.064
2.194
2.374
2.51
2.427
2.208
1.421
1.306
1.402
2.938
2.5
3.0
2.6
2.9
2.1
5.4
4.8
7.2
1.5
5.5
3.9
4.5
1.2
6.0
0.288
0.465
0.854
0.821
0.712
3.38
3.78
3.72
4.28
4.04
4.1
3.94
2.8
2.6
2.4
3.2
3.1
3.0
2.98
4.58
20.8
22.0
10.0
15.2
15.8
16.3
0.65
2.29
2.54
2.01
0.78
0.67
1.67
2.71
2.05
0.88
0.99
2.54
2.87
2.33
2.39
0.17
0.35
0.16
0.2
0.3
0.31
0.16
11.0
2.06
2.3
1.16
1.1
1.4
1.93
2.23
3.66
1.04
1.29
1.51
2.86
9.47
9.88
10.09
2.96
2.71
3.54
2.68
0.72
0.42
0.54
3.57
1.04
3.09
1.94
0.46
0.24
0.45
2.07
2.58
2.52
2.35
0.79
0.44
0.59
4.08
3.69
3.46
3.56
2.72
1.02
1.47
0.84
2.88
1.31
0.59
0.33
0.33
1.95
1.56
2.42
1.51
0.21
0.18
1.15
3.32
3.49
4.49
4.81
4.66
1.39
1.82
1.14
0.47
0.86
0.36
0.8
3.0
6.4
1.4
1.7
7.651408
0.6
7.1
7.0
2.4
2.9
1.6
3.5
2.4
3.3
31.0
6.9
7.1
25.4
6.7
7.0
0.5
1.9
1.0
1.0
0.5
0.3
1.4
2.5
0.5
1.5
1.1
0.4
1.5
0.3
1.0
11.7
2.4
4.07
4.16
15.0
17.0
2.8
5.8
6.9
0.18
0.11
2.4
6.2
0.11
0.045
5.6
0.68
0.13
0.067
2.5
4.9
6.8
1.5
2.3
4.1
5.8
5.8
2.9
11.0
14.0
15.0
3.3
3.6
4.3
4.0
3.9
13.0
16.0
17.0
2.9
5.1
6.9
7.2
7.96
8.07
10.91
5.3
6.8
5.0
5.5
4.4
3.86
4.11
3.53
1.91
1.37
2.01
1.98
4.92
4.98
2.72
3.13
6.03
8.14
3.03
2.75
5.59
5.33
1.63
1.19
1.69
1.27
0.49
2.81
2.85
2.3
2.3
1.04
0.54
0.41
0.22
1.63
3.84
5.21
6.02
6.76
1.21
1.95
3.74
4.16
4.71
2.0
3.77
5.84
6.33
6.78
7.1
7.1
6.4
6.1
6.5
6.6
5.7
5.0
8.7
7.8
6.0
6.0
2.5
7.3
9.2
0.6
0.8
2.3
0.6
9.4
6.6
1.6
1.8
2.2
2.5
2.9
3.5
3.5
0.921659
0.610169
0.941176
1.666667
1.29771
1.435407
3.152709
4.107143
4.468085
0.360231
0.290698
0.520833
0.340136
0.25
0.390356
3.685897
2.524272
2.25
6.403242
5.794702
4.92228
0.643275
0.280612
0.34005
3.72
3.76
4.39
3.79
22.99
22.96
10.08
23.9
20.11
7.74
4.7
4.3
4.2
2.2
1.0
1.2
1.9
2.3
18.0
11.7
12.3
16.5
3.4
6.3
2.5
4.6
10.7
10.7
8.8
9.6
9.2
7.9
9.5
5.1
5.1584
4.63
14.7976
1.72
1.8
4.7
4.3
4.0
4.1
4.3
4.0
4.3
4.2
0.47
3.03
1.1
1.61
3.51
5.21
4.97
13.39
3.74
3.75
0.79
0.77
1.74
1.85
1.92
2.9
1.34
3.27
1.69
0.22
1.13
0.72
3.05
4.05
3.58
4.51
6.85
2.56
3.57
3.27
4.1
6.4
2.32
3.33
2.99
3.79
6.97
2.72
2.2
5.1
2.4
5.4
2.3
5.3
11.48
9.6
9.96
8.48
10.4
10.77
11.4
6.93
11.03
1.08
1.58
2.92741
3.97
3.86
4.65
4.54
6.284
4.03892
5.08152
2.69993
2.38
2.46
4.91
2.21964
0.5576
3.69
3.68
3.55
3.48
3.15
1.94
0.36
16.1
6.3
2.68
5.1
0.94
1.13
1.1
1.46
1.75
2.14
5.6
6.7
2.05
1.76
1.82
1.53
1.68
1.6
3.01
2.12
0.82
0.82
0.68
0.6
0.621
0.75
100.0
5.8
4.9
3.34
2.92
1.48
33.0
29.0
24.0
31.0
4.5
5.1
6.1
5.8
9.6
5.2
7.0
1.21
1.87
1.15
2.27
2.44
2.05
2.05
1.45
7.85
2.97
3.91
3.19
3.93
4.11
3.86
3.57
3.24
8.37
2.56
3.76
3.36
4.02
4.26
4.1
3.72
3.22
9.18
5.31
6.51
12.25
6.66
7.57
6.95
7.1
7.39
7.01
13.2
12.6
11.4
2.01
1.17
2.67
8.13
20.67
38.0
12.67
4.59
23.05
41.0
35.0
27.0
30.0
21.0
5.9
7.9
7.5
23.0
28.0
27.0
5.6
8.7
8.6
47.0
21.0
21.0
4.35
2.6
4.0
5.5
6.6
5.0
6.8
13.0
12.8
10.4
10.7
26.7
15.7
23.7
6.99
6.53
16.7
25.8
2.06
0.81
2.38
4.37
1.87
7.2
2.1
3.2
2.8
2.8
2.8
2.1
2.1
2.0
2.8
0.5
6.1
3.6
3.8
3.4
3.2
3.4
3.5
4.1
9.5
11.1
8.8
7.0
7.3
6.0
5.5
5.47
5.5
5.47
1.68
1.75
1.69
1.78
1.97
1.66
1.8
1.62
1.87
1.75
1.8
33.0
28.0
26.0
21.0
4.1
11.0
9.0
3.9
3.6
5.6
15.0
20.0
7.0
3.5
2.8
10.0
14.0
21.0
19.0
16.0
4.3
21.0
21.0
20.0
8.7
6.3
6.0
6.5
6.0
134.0
4.0
9.0
5.1
6.5
4.9
5.1
8.5
8.6
8.6
7.3
13.1
20.4
14.5
8.7
6.6
14.4
12.0
10.6
52.0
63.0
5.9
2.9
1.3
6.6
19.6
59.0
62.0
23.0
24.0
26.0
6.02
12.0
11.0
13.0
11.0
11.0
2.06
0.81
2.38
4.37
1.87
7.2
11.1
8.3
33.98
7.8
8.4
5.9
24.7
23.15
26.96
29.61
9.7
7.2
17.0
7.4
11.91
22.95
13.4
19.0
7.0
17.0
18.0
22.0
11.01
21.25
2.85
3.28
11.23
23.2
28.1
4.7
5.3
6.1
13.27
11.19
8.02
86.0
70.0
6.0
3.88
18.0
29.0
11.0
11.0
6.48
4.23
18.2
25.0
8.76
24.3
2.76
22.7
0.87
1.3
0.97
1.5
2.2
0.93
1.3
1.8
1.4
1.04
1.1
1.1
0.99
0.95
1.95
2.04
2.35
2.75
2.78
2.74
3.05
0.62
1.51
2.4
1.6
0.45
0.13
0.08
2.02
2.6
2.9
1.35
2.4
1.35
0.32
0.18
0.8
0.22
2.8
2.82
3.0
3.52
3.74
3.58
3.83
3.58
3.65
3.82
3.95
3.77
6.9
6.01
4.2
3.88
3.89
3.8
1.03
1.56
1.74
0.85
0.69
3.28
11.86
0.85
89.33
1.98
2.14
1.62
1.37
3.14
2.78
3.45
4.54
1.09
1.19
3.43
1.91
2.04
2.04
1.44
1.41
1.46
2.7
5.5
5.1
6.2
6.2
9.0
2.7
1.1
1.08
1.45
1.25
1.12
1.22
0.9
1.21
3.89
2.68
4.17
1.47
6.4
10.1
6.6
7.4
7.0
6.1
3.8
1.2
1.2
1.2
1.5
0.9
1.8
1.2
3.14
3.07
2.14
6.02
3.75
3.96
21.0
25.0
0.65
2.0
4.89
3.65
2.67
2.19
2.18
2.96
1.97
2.59
2.56
4.39
4.37
5.4
1.2
3.0
2.8
2.9
1.9
0.19
0.21
0.13
1.9
2.3
2.5
2.6
2.8
0.3
1.4
0.7
1.5
1.9
1.7
1.5
1.6
1.7
5.43
3.98
1.13
3.5
3.89
0.35
0.71
3.21
0.54
0.75
1.0
0.5
0.6
1.1
23.2
20.7
19.7
21.8
19.4
17.8
18.3
20.6
13.8
12.3
5.7
7.5
9.9
11.0
6.3
6.66
8.11
7.17
6.14
6.4
3.75
4.34
4.98
6.3
1.22
6.71
7.3
6.21
7.93
6.82
7.28
7.36
7.41
7.47
6.91
8.89
7.31
6.17
6.65
6.54
6.32
6.5
7.03
5.9
4.93
4.41
5.55
5.6
6.42
3.27
6.41
5.75
5.14
4.63
3.07
4.82
7.58
2.3
7.78
12.51
12.49
17.02
20.85
12.52
0.96
5.95
16.22
14.26
26.65
21.92
11.67
1.47
6.5
5.3
4.7
12.8
8.7
4.0
4.5
3.5
4.3
4.0
20.5
2.4
25.8
16.85
17.06
17.86
18.91
2.48
3.34
2.72
3.61
3.51
4.28
6.5
4.0
3.3
2.5
2.6
2.6
0.3
3.0
0.3
3.2
9.1
7.0
22.5
15.3
8.6
24.7
14.8
7.0
8.8
21.2
15.1
6.0
16.0
6.8
3.5
7.32
0.23
14.4
18.1
1.6
1.9
2.1
3.2
4.2
4.4
6.3804
3.001
1.5376
1.0884
0.487
2.346
1.1523
1.563
1.058
0.5874
1.1864
1.4141
1.3832
0.4565
0.8032
4.3
4.2
3.6
4.4
1.3
1.6
1.8
2.5
2.6
4.6
2.2
2.744
2.683
2.677
3.109
2.717
2.999
3.195
2.8
2.29
2.31
2.64
2.55
2.41
8.29
1.4
0.42
2.63
2.33
1.32
1.2
1.8
1.3
6.2
4.6
7.5
3.1
10.7
2.7
4.7
4.6
4.8
3.4
6.2
5.3
5.2
5.4
5.1
0.92
1.09
0.57
0.61
0.58
7.56
8.64
8.18
8.01
7.8
7.7
6.42
9.48
12.5
5.97
4.63
12.5
0.03
0.05
0.05
0.12
0.79
0.15
0.22
0.29
0.85
3.93
4.03
3.64
4.24
3.95
3.06
4.0
4.14
3.61
3.97
3.94
3.05
19.4
23.7
24.2
16.6
22.1
13.0
15.0
15.6
14.6
16.8
0.97
1.0
1.07
1.18
1.81
1.57
7.5
12.6
15.3
13.8
16.2
16.5
13.2
16.0
13.5
16.2
1.02
1.27
1.3
1.5
2.61
2.29
9.48
13.3
16.1
3.4
4.2
4.2
5.4
8.5
7.8
1.4
5.0
7.8
3.4
0.8
0.78
3.56
2.23
2.36
2.21
1.95
2.31
3.71
3.7
3.22
3.36
4.09
3.96
4.17
4.18
4.31
4.05
4.35
4.08
4.44
4.41
4.21
2.47
2.44
2.09
2.12
2.49
2.3
2.38
2.73
4.14
4.22
4.1
4.02
4.1
3.99
4.3
4.22
4.02
1.67
3.81
4.12
4.21
4.28
4.11
3.17
4.06
4.31
4.01
4.06
3.94
3.71
3.94
4.04
5.22
8.14
10.304
7.78
4.46
3.1
13.3
15.6
3.4
0.37
18.3
7.8
2.3661
1.3947
1.089
3.6
5.6
1.3511
1.104
1.0432
1.0896
1.6495
1.3504
1.7
1.6
1.6
1.7
1.6
1.0
0.9
8.23
7.33
7.02
7.12
6.9
6.47
6.34
3.22
3.81
4.92
5.13
5.34
0.76
0.5185
0.61
0.78
1.78
1.4
0.523
0.774
0.726
2.04
4.67
0.1251
0.019
0.03073
0.0272
0.18776
6.17
1.01
0.97
0.95
1.01
0.7
0.5
0.5
0.5
0.4
0.4
0.3
0.3
2.65
2.53
4.86
1.01
5.17
0.56
5.32
5.25
6.09
6.42
5.11
6.73
5.79
4.4
2.8
2.9
7.4
7.1
5.3
9.7
10.8
7.7
12.1
9.7
7.0
15.4
11.6
11.8
7.8
2.2
4.6
5.8
10.2
6.3
4.2
2.23
0.58
6.1
2.44
2.13
3.36
2.33
9.21
3.538
4.265
4.715
6.246
7.8
34.3
25.1
21.3
107.0
73.7
69.0
35.5
20.1
14.5
2.00594
2.09733
2.18524
2.25271
1.81787
1.93952
1.48564
2.07307
4.7
7.0
6.5
8.0
7.9
8.6
8.2
8.5
1.2
1.0
2.6
3.1
1.5
1.9
5.6
5.4
5.1
4.4
2.1
3.4
3.8
6.2
7.5
6.6
2.3
6.0
6.0
2.5
7.3
2.34
2.48
2.41
0.72
0.39
2.84
2.84
3.28
2.81
3.68
2.48
2.75
2.25
2.95
0.08
1.23
1.69
1.69
1.53
1.18
1.77
9.72
5.4
1.23
1.89
1.22
1.27
14.1
17.1
15.3
22.3
5.5
37.1
7.18
3.16
1.74
0.75
2.84
4.52
11.1
9.0
5.5
5.1
9.5
0.86
6.8
7.4
6.2
4.4
6.31
5.28
